0 0 0.00154 0.03265 0.00005 0.03219
0 1 0.01525 0.07618 -0.00057 0.07497
0 2 0.04383 0.30629 -0.00154 0.30125
0 3 0.06879 0.98852 0.00186 0.96916
0 4 0.08227 2.42376 0.01392 2.38514
0 5 0.07696 5.42161 0.03082 5.26288
0 6 0.03867 7.23573 0.04695 7.10413
0 7 -0.06391 16.45730 0.17538 15.51522
0 8 -0.35016 39.88367 0.34992 41.08570
0 9 0.00951 0.02448 -0.00032 0.02408
0 10 0.00416 0.02294 -0.00005 0.02257
0 11 0.04922 0.23329 -0.00085 0.22928
0 12 0.08018 1.67458 0.01701 1.63899
0 13 0.03867 7.23573 0.04695 7.10413
0 14 0.05355 0.20637 -0.00025 0.20272
1 0 0.00154 0.03265 0.00005 0.03219
1 1 0.01525 0.07618 -0.00057 0.07497
1 2 0.04383 0.30629 -0.00154 0.30125
1 3 0.06879 0.98852 0.00186 0.96916
1 4 0.08227 2.42376 0.01392 2.38514
1 5 0.07696 5.42161 0.03082 5.26288
1 6 0.03867 7.23573 0.04695 7.10413
1 7 -0.06391 16.45730 0.17538 15.51522
1 8 -0.35016 39.88367 0.34992 41.08570
1 9 0.00951 0.02448 -0.00032 0.02408
1 10 0.00416 0.02294 -0.00005 0.02257
1 11 0.04922 0.23329 -0.00085 0.22928
1 12 0.08018 1.67458 0.01701 1.63899
1 13 0.03867 7.23573 0.04695 7.10413
1 14 0.05355 0.20637 -0.00025 0.20272
2 0 0.00612 0.00014 0.00042 0.00014
